3.142 3.042 3.142 3.046 11.365
3.142 3.041 3.143 3.044 11.983
3.143 3.039 3.144 3.041 16.503
3.145 3.036 3.146 3.037 17.637
3.147 3.031 3.149 3.032 18.556
3.149 3.026 3.152 3.026 19.333
3.153 3.02 3.156 3.019 20.096
3.157 3.012 3.16 3.01 20.842
3.161 3.003 3.166 3.0 21.345
3.167 2.992 3.172 2.988 21.854
3.173 2.98 3.179 2.975 22.619
3.181 2.966 3.187 2.959 23.118
3.19 2.95 3.197 2.942 23.626
3.2 2.932 3.208 2.922 24.153
3.211 2.911 3.22 2.9 24.642
3.224 2.888 3.234 2.875 24.895
3.238 2.862 3.249 2.848 25.407
3.254 2.833 3.267 2.817 25.923
3.272 2.802 3.286 2.784 26.17
3.292 2.767 3.307 2.747 26.694
3.313 2.729 3.329 2.707 27.213
3.337 2.687 3.354 2.663 27.446
3.362 2.643 3.38 2.617 27.953
3.389 2.595 3.408 2.567 28.476
3.417 2.544 3.437 2.514 28.98
3.446 2.49 3.468 2.458 29.248
3.477 2.433 3.499 2.4 29.48
3.509 2.373 3.532 2.338 30.035
3.542 2.31 3.565 2.274 30.239
3.575 2.244 3.599 2.206 30.746
3.608 2.175 3.632 2.136 31.001
3.642 2.104 3.666 2.062 31.511
3.675 2.029 3.7 1.986 31.784
3.708 1.951 3.733 1.905 32.017
3.741 1.869 3.765 1.821 32.282
3.772 1.783 3.796 1.733 32.816
3.802 1.692 3.826 1.64 33.035
3.83 1.596 3.853 1.541 33.298
3.856 1.495 3.879 1.436 33.802
3.88 1.387 3.901 1.325 34.349
3.9 1.273 3.921 1.207 34.562
3.918 1.151 3.938 1.082 35.089
3.934 1.023 3.954 0.952 35.325
3.949 0.89 3.971 0.818 35.586
3.965 0.754 3.992 0.684 35.831
3.987 0.621 4.02 0.555 36.344
4.017 0.492 4.057 0.431 36.594
4.057 0.37 4.104 0.314 36.855
4.107 0.255 4.162 0.202 37.105
4.168 0.144 4.23 0.094 37.361
4.239 0.036 4.308 -0.014 37.616
4.319 -0.072 4.395 -0.123 37.884
4.409 -0.182 4.492 -0.238 38.12
4.509 -0.299 4.601 -0.361 38.387
4.622 -0.425 4.724 -0.497 38.63
4.749 -0.566 4.865 -0.652 39.143
4.896 -0.728 5.028 -0.835 39.412
5.067 -0.92 5.217 -1.048 39.649
5.261 -1.138 5.412 -1.263 39.903
5.449 -1.341 5.583 -1.437 40.157
5.612 -1.5 5.732 -1.57 40.417
5.755 -1.622 5.867 -1.672 40.718
5.888 -1.715 5.996 -1.75 40.945
6.016 -1.786 6.123 -1.805 41.176
6.142 -1.834 6.249 -1.84 41.429
6.269 -1.863 6.377 -1.855 41.712
6.399 -1.87 6.509 -1.848 41.939
6.532 -1.855 6.645 -1.819 42.194
6.67 -1.818 6.785 -1.767 42.447
6.812 -1.759 6.929 -1.693 42.699
6.957 -1.677 7.075 -1.598 42.955
7.104 -1.574 7.222 -1.482 43.209
7.252 -1.451 7.367 -1.349 43.465
7.397 -1.311 7.508 -1.2 43.72
7.536 -1.156 7.642 -1.039 44.015
7.667 -0.99 7.765 -0.869 44.242
7.786 -0.816 7.875 -0.694 44.488
7.89 -0.638 7.968 -0.518 44.733
7.977 -0.46 8.044 -0.342 44.99
8.045 -0.283 8.101 -0.169 45.258
8.094 -0.11 8.139 -0.001 45.495
8.124 0.059 8.157 0.164 45.749
8.134 0.225 8.158 0.326 46.003
8.125 0.389 8.14 0.486 46.261
8.098 0.553 8.105 0.648 46.563
8.053 0.721 8.052 0.815 46.795
7.989 0.897 7.98 0.992 47.034
7.904 1.086 7.887 1.183 47.327
7.798 1.293 7.773 1.393 47.541
7.675 1.514 7.649 1.609 47.792
7.554 1.725 7.535 1.807 48.046
7.451 1.91 7.437 1.98 48.303
7.363 2.071 7.352 2.131 48.575
7.287 2.216 7.277 2.268 49.022
7.218 2.348 7.208 2.393 49.405
7.154 2.471 7.143 2.51 49.567
7.094 2.587 7.081 2.621 49.861
7.036 2.697 7.021 2.725 50.076
6.98 2.803 6.961 2.824 50.351
6.925 2.905 6.901 2.919 50.583
6.869 3.003 6.84 3.009 50.837
6.812 3.097 6.777 3.094 51.091
6.754 3.188 6.712 3.175 51.343
6.694 3.277 6.644 3.253 51.618
6.632 3.363 6.574 3.327 51.873
6.568 3.448 6.502 3.4 52.155
6.503 3.533 6.429 3.474 52.714
6.437 3.62 6.356 3.55 52.868
6.37 3.711 6.284 3.631 53.129
6.303 3.805 6.213 3.718 53.379
6.236 3.905 6.143 3.81 53.637
6.167 4.011 6.072 3.91 53.89
6.096 4.124 6.0 4.016 54.144
6.021 4.243 5.926 4.13 54.398
5.942 4.372 5.849 4.253 54.653
5.856 4.512 5.766 4.386 54.908
5.761 4.666 5.675 4.532 55.166
5.653 4.838 5.575 4.694 55.42
5.53 5.035 5.46 4.879 55.671
5.388 5.26 5.329 5.089 55.922
5.241 5.497 5.188 5.317 56.179
5.117 5.71 5.061 5.534 56.435
5.023 5.892 4.962 5.721 56.685
4.953 6.054 4.888 5.886 56.945
4.903 6.203 4.834 6.038 57.197
4.868 6.347 4.797 6.182 57.453
4.85 6.487 4.776 6.322 57.705
4.846 6.627 4.769 6.461 57.958
4.856 6.768 4.778 6.602 58.23
4.882 6.912 4.801 6.744 58.47
4.922 7.059 4.838 6.889 58.723
4.977 7.209 4.891 7.036 58.976
5.047 7.361 4.959 7.186 59.233
5.13 7.515 5.04 7.337 59.484
5.226 7.669 5.135 7.487 59.74
5.333 7.82 5.241 7.635 60.002
5.449 7.966 5.356 7.777 60.251
5.572 8.105 5.48 7.911 60.503
5.7 8.235 5.609 8.034 60.76
5.831 8.353 5.74 8.143 61.011
5.962 8.458 5.873 8.236 61.263
6.092 8.546 6.004 8.312 61.519
6.219 8.618 6.132 8.369 61.777
6.341 8.672 6.256 8.405 62.024
6.458 8.708 6.375 8.422 62.282
6.569 8.726 6.49 8.42 62.538
6.674 8.727 6.6 8.4 62.792
6.774 8.713 6.708 8.363 63.047
6.869 8.685 6.813 8.31 63.302
6.96 8.643 6.917 8.241 63.559
7.048 8.59 7.023 8.157 63.808
7.134 8.525 7.132 8.057 64.062
7.219 8.449 7.247 7.939 64.317
7.305 8.362 7.369 7.801 64.597
7.392 8.263 7.5 7.645 64.826
7.484 8.152 7.632 7.481 65.078
7.579 8.027 7.752 7.325 65.334
7.679 7.889 7.854 7.188 65.593
7.78 7.744 7.939 7.067 65.843
7.875 7.599 8.01 6.957 66.097
7.957 7.465 8.068 6.855 66.353
8.025 7.341 8.116 6.756 66.605
8.08 7.226 8.155 6.659 66.86
8.123 7.118 8.184 6.563 67.113
8.156 7.012 8.203 6.466 67.381
8.178 6.909 8.214 6.367 67.62
8.19 6.806 8.214 6.264 67.874
8.193 6.703 8.204 6.158 68.132
8.185 6.598 8.183 6.048 68.384
8.168 6.492 8.151 5.934 68.642
8.139 6.384 8.108 5.815 68.896
8.101 6.274 8.054 5.692 69.15
8.051 6.163 7.988 5.566 69.404
7.99 6.052 7.911 5.438 69.639
7.919 5.941 7.824 5.309 69.895
7.838 5.833 7.728 5.181 70.164
7.747 5.729 7.623 5.056 70.422
7.648 5.631 7.51 4.935 70.673
7.541 5.542 7.393 4.821 70.929
7.429 5.464 7.27 4.717 71.184
7.312 5.4 7.146 4.623 71.439
7.191 5.351 7.02 4.542 71.689
7.067 5.32 6.895 4.477 71.944
6.941 5.308 6.772 4.429 72.2
6.812 5.315 6.652 4.398 72.456
6.68 5.343 6.535 4.385 72.714
6.544 5.393 6.422 4.39 72.96
6.399 5.468 6.312 4.413 73.219
6.245 5.569 6.205 4.453 73.472
6.075 5.699 6.099 4.51 73.728
5.891 5.857 5.992 4.582 73.986
5.707 6.018 5.883 4.671 74.251
5.543 6.15 5.768 4.778 74.522
5.4 6.251 5.646 4.905 74.743
5.274 6.325 5.513 5.056 74.999
5.159 6.38 5.368 5.229 75.249
5.053 6.418 5.22 5.413 75.507
4.954 6.444 5.087 5.582 75.76
4.86 6.459 4.976 5.726 76.015
4.771 6.464 4.884 5.851 76.266
4.687 6.461 4.807 5.961 76.521
4.607 6.451 4.743 6.063 76.775
4.532 6.435 4.689 6.16 77.035
4.46 6.415 4.646 6.253 77.287
4.393 6.39 4.611 6.345 77.539
4.33 6.363 4.586 6.437 77.798
4.272 6.334 4.57 6.53 78.051
4.219 6.304 4.563 6.625 78.305
4.17 6.274 4.565 6.723 78.559
4.126 6.244 4.578 6.824 78.81
4.087 6.215 4.601 6.929 79.068
4.053 6.187 4.634 7.037 79.323
4.023 6.162 4.677 7.149 79.578
3.998 6.139 4.73 7.264 79.832
3.978 6.119 4.793 7.38 80.087
3.963 6.102 4.864 7.499 80.339
3.952 6.089 4.945 7.617 80.593
3.946 6.078 5.032 7.734 80.849
3.945 6.071 5.127 7.849 81.102
3.948 6.067 5.227 7.96 81.356
3.956 6.067 5.332 8.067 81.612
3.968 6.07 5.44 8.168 81.876
3.984 6.077 5.551 8.262 82.126
4.005 6.086 5.663 8.347 82.373
4.031 6.098 5.776 8.423 82.634
4.061 6.113 5.887 8.487 82.883
4.096 6.13 5.996 8.538 83.137
4.135 6.148 6.101 8.577 83.392
4.179 6.168 6.203 8.601 83.645
4.227 6.189 6.299 8.612 83.901
4.28 6.209 6.392 8.609 84.17
4.338 6.229 6.479 8.593 84.412
4.401 6.248 6.563 8.564 84.659
4.468 6.264 6.643 8.524 84.918
4.539 6.277 6.721 8.473 85.171
4.615 6.285 6.797 8.411 85.43
4.696 6.289 6.872 8.34 85.681
4.782 6.286 6.947 8.258 85.936
4.874 6.275 7.024 8.167 86.189
4.971 6.255 7.103 8.063 86.447
5.074 6.224 7.187 7.948 86.702
5.185 6.181 7.277 7.818 86.948
5.306 6.122 7.373 7.674 87.206
5.438 6.047 7.473 7.518 87.461
5.583 5.951 7.57 7.359 87.715
5.742 5.836 7.656 7.21 87.969
5.908 5.715 7.725 7.075 88.23
6.067 5.609 7.78 6.95 88.479
6.212 5.528 7.821 6.834 88.726
6.346 5.473 7.85 6.724 88.986
6.471 5.442 7.868 6.617 89.243
6.59 5.431 7.875 6.511 89.497
6.703 5.439 7.871 6.407 89.754
6.811 5.464 7.857 6.304 90.015
6.915 5.505 7.833 6.201 90.261
7.014 5.561 7.798 6.098 90.568
7.107 5.631 7.754 5.996 90.847
7.194 5.714 7.699 5.895 91.027
7.272 5.807 7.634 5.797 91.276
7.342 5.909 7.561 5.703 91.53
7.402 6.02 7.48 5.615 91.783
7.45 6.137 7.391 5.534 92.038
7.486 6.26 7.296 5.462 92.293
7.51 6.389 7.195 5.401 92.544
7.52 6.524 7.09 5.353 92.8
7.516 6.666 6.982 5.319 93.056
7.497 6.815 6.87 5.301 93.31
7.463 6.975 6.